0.223906
0.166829
0.155756
0.158467
0.156099
0.187746
0.155636
0.199337
0.167174
0.164981
0.170175
0.184691
0.167333
0.175511
0.159771
0.191312
0.162304
0.173295
0.142913
0.148694
0.088751
0.102439
0.107041
0.108500
0.172548
0.181663
0.215239
0.171187
0.160299
0.187545
0.164269
0.167885
0.204965
0.209465
0.176365
0.232449
0.250897
0.231480
0.217629
0.240634
0.271651
0.225362
0.234698
0.248385
0.221700
0.309890
0.222426
0.248216
0.224369
0.251177
0.161453
0.086095
0.084144
0.099101
0.111614
0.156777
0.129445
0.087217
0.206257
0.183689
0.172317
0.215071
0.239011
0.221115
0.171742
0.215508
0.180217
0.189961
0.207960
0.193524
0.176747
0.180124
0.241475
0.211562
0.179022
0.184605
0.174820
0.212891
0.197197
0.197526
0.186174
0.179737
0.176655
0.195513
0.188520
0.175222
0.192470
0.188393
0.173845
0.189015
0.175773
0.172835
0.169930
0.161853
0.191413
0.170637
0.183934
0.178490
0.181392
0.176164
0.162809
0.185459
0.170994
0.187041
0.196167
0.170395
0.200254
0.178370
0.169492
0.171582
0.170592
0.213243
0.183425
0.175843
0.195296
0.197843
0.173310
0.191530
0.183299
0.170490
0.201629
0.220994
0.177000
0.185739
0.165682
0.168090
0.198026
0.175025
0.189118
0.172493
0.170393
0.186848
0.217349
0.173741
0.166008
0.193105
0.194227
0.188387
0.173446
0.213682
0.197092
0.177717
0.294107
0.181621
0.180175
0.168964
0.183018
0.173762
0.213389
0.177569
0.179223
0.209572
0.122227
0.127512
0.128118
0.110309
0.160465
0.101968
0.133369
0.178117
0.125199
0.108343
0.118114
0.102275
0.145603
0.135641
0.127880
0.155414
0.119216
0.110071
0.119615
0.120249
0.134403
0.119893
0.150915
0.215819
0.127214
0.119237
0.156286
0.215065
0.217911
0.125750
0.163668
0.205186
0.197094
0.198558
0.246761
0.217775
0.116365
0.141595
0.140208
0.113610
0.119334
0.202588
0.119522
0.148279
0.151788
0.113847
0.117953
0.133800
0.126374
0.111657
0.159325
0.115560
0.127293
0.121087
0.170908
0.113703
0.113661
0.118645
0.149599
0.121065
0.139824
0.119201
0.113458
0.113135
0.132323
0.135891
0.117621
0.114747
0.123527
0.124310
0.125646
0.122011
0.112590
0.115680
0.168994
0.142942
0.115416
0.156724
0.166442
0.152699
0.112727
0.200868
0.128968
0.151501
0.112296
0.117114
0.110740
0.112047
0.206370
0.124814
0.120971
0.118440
0.171564
0.109513
0.205132
0.134960
0.116377
0.130157
0.177653
0.120668
0.117582
0.192866
0.131394
0.154537
0.145478
0.138725
0.141401
0.119742
0.124804
0.111135
0.114083
0.139507
0.154012
0.117433
0.211278
0.132867
0.144388
0.115235
0.116985
0.114454
0.134910
0.119490
0.117971
0.128807
0.134983
0.123937
0.116987
0.134380
0.124422
0.119683
0.118950
0.147220
0.120819
0.198404
0.202321
0.137108
0.123776
0.131577
0.175048
0.150707
0.113372
0.116312
0.145050
0.186430
0.177372
0.150967
0.152480
0.357828
0.390345
0.388953
0.314866
0.327833
0.458328
0.402844
0.319795
0.317337
0.805210
0.358136
0.471047
0.556342
0.505034
0.453702
0.643298
0.420998
0.658728
0.608329
0.514473
0.923199
0.445448
1.006812
0.717963
0.429709
0.513679
0.898163
0.519962
0.458805
0.589948
0.627203
0.443653
0.446485
0.470382
0.465018
0.508291
0.521420
0.556223
0.477589
0.497082
0.642407
0.600031
0.524913
0.489149
0.493736
0.243579
0.296965
0.705981
0.244291
0.292647
0.286230
0.728922
0.433480
0.289547
0.366725
0.226528
0.202375
0.379016
0.233174
0.583987
0.520913
0.388089
0.218835
0.235746
0.199852
0.189043
0.256401
0.193934
0.098141
0.138318
0.188809
0.148171
0.193749
0.167980
0.107485
0.201468
0.171319
0.111552
0.172412
0.163915
0.222349
0.275515
0.213207
0.289918
0.143056
0.156248
0.208835
0.256254
0.141094
0.157456
0.201344
0.205449
0.169957
0.154516
0.166651
0.137705
0.152213
0.340057
0.165097
0.135546
0.434998
0.184281
0.194894
0.153240
0.169565
0.160997
0.152644
0.174224
0.159687
0.286708
0.136594
0.146625
0.188371
0.246095
0.152815
0.210620
0.192776
0.210287
0.207071
0.149255
0.136096
0.375672
0.223287
0.151082
0.166943
0.172394
0.257468
0.284631
0.181262
0.154834
0.215165
0.195969
0.159803
0.155205
0.212686
0.291244
0.137241
0.267241
0.134568
0.166370
0.253842
0.137721
0.187180
0.155463
0.157228
0.267559
0.147569
0.157063
0.165777
0.278817
0.149578
0.306006
0.224921
0.269807
0.286484
0.314462
0.229309
0.217272
0.228191
0.216534
0.208173
0.228263
0.235824
0.214810
0.242628
0.239903
0.283152
0.204168
0.224192
0.283023
0.244974
0.234273
0.215471
0.221638
0.241798
0.306522
0.256981
0.312056
0.382165
0.247822
0.230714
0.282945
0.369894
0.222223
0.259878
0.251010
0.272347
0.231194
0.226762
0.322005
0.292952
0.263958
0.285189
0.272538
0.232348
0.278629
0.233774
0.217425
0.223353
0.209773
0.215267
0.292022
0.208671
0.227089
0.325208
0.290952
0.332839
0.303252
0.258145
0.333215
0.250227
0.242364
0.391237
0.266464
0.224504
0.234370
0.247151
0.207181
0.214863
0.302654
0.215212
0.206616
0.231767
0.321349
0.260214
0.198453
0.183600
0.297755
0.238585
0.457863
0.229628
0.220964
0.228701
0.225570
0.262748
0.212781
0.291454
0.198402
0.250632
0.210095
0.232340
0.224079
0.235028
0.247108
0.222124
0.333749
0.199332
0.255958
0.235845
0.242719
0.259540
0.244100
0.200576
0.368403
0.314697
0.235470
0.209654
0.280114
0.275015
0.208697
0.227617
0.954717
0.197263
0.103415
0.120546
0.089062
0.141254
0.200258
0.246512
0.174239
0.447833
0.185705
0.171796
0.478371
0.346181
0.500545
0.171046
0.187509
0.194014
0.560317
0.241428