35.346583
36.682368
36.817691
37.446737
37.483409
38.229057
37.488162
34.654370
36.336460
36.640272
35.905322
34.585217
38.456746
35.085766
37.588116
35.480685
36.566973
35.550238
34.044028
33.940948
35.599246
35.058171
34.968710
35.367262
36.731597
35.109495
34.101667
35.960541
36.382011
34.852973
39.044789
35.821017
34.017421
34.226337
35.649706
34.973787
34.181296
35.085543
36.134233
34.952614
34.343796
35.728769
35.169599
34.002728
36.476438
34.378772
35.093378
34.260671
35.972258
34.343834
34.163504
36.954435
39.229254
36.334395
38.822033
38.836042
38.979185
37.682240
37.032630
35.929473
36.365635
34.016904
34.947087
34.174015
35.986871
34.249735
35.626810
34.911550
33.824609
34.803707
35.628261
35.520270
34.258370
35.978244
35.679260
35.256178
35.992567
34.453253
35.048300
34.756912
35.684722
35.843693
36.609559
35.176186
36.005395
35.841905
35.360418
34.660718
35.895995
34.922129
35.879940
35.942541
36.400465
37.080257
34.617280
36.374533
35.381293
35.415969
35.034974
37.566048
37.306691
35.196867
35.651136
34.932736
35.720173
35.813091
38.051831
35.628981
36.094167
36.392826
37.731197
34.707186
34.882129
36.730136
35.928102
34.736678
35.779136
34.847135
35.705004
35.973833
34.795456
34.230066
36.146299
35.198357
37.111648
37.058288
37.486636
35.648077
36.674315
35.593504
35.941769
35.070643
34.379773
35.870362
37.175502
35.826691
34.702898
34.848990
35.588497
34.525875
34.491562
35.323494
35.795214
34.913693
35.189381
35.971291
35.138626
35.882859
34.111411
35.770475
34.948275
34.374702
35.470922
35.378128
35.475472
36.494413
34.371755
37.685709
35.052324
33.950192
35.548148
36.550395
35.967852
37.580090
34.656444
35.133883
35.260151
34.349820
36.685834
36.963623
37.315942
39.559010
38.918001
38.487260
40.130447
41.062400
36.386566
38.551454
40.610844
41.137060
41.657499
39.056716
40.727158
40.772205
41.581489
41.272341
41.493810
41.307792
37.997413
40.523168
40.296529
38.579419
39.593819
41.328839
39.273811
40.808134
40.204529
39.155788
38.172821
41.038408
39.961520
39.303584
40.560324
39.638578
40.767323
40.039218
41.305372
38.745934
39.116477
39.319176
40.842785
38.799790
40.548176
38.710469
39.502936
39.394563
40.780924
40.651478
38.636667
39.350585
40.024500
40.201930
40.272175
40.254434
37.952444
37.130994
40.838008
40.743392
39.317320
41.227939
41.384453
41.052260
39.290830
41.602628
39.531941
40.846848
38.746138
40.199097
38.755538
39.323950
41.840294
40.070676
40.745603
40.541722
41.508727
38.864225
41.728800
41.018192
39.474900
40.767830
40.907622
39.824098
37.372105
41.395073
40.594165
41.029358
40.668984
40.501284
40.919049
39.792037
40.498150
38.719987
39.784022
41.014449
41.192557
37.828453
41.911147
39.852392
40.972304
39.980105
39.720960
38.280914
41.033200
38.650500
37.993792
39.967759
39.924417
38.915208
40.201850
41.102785
40.220850
39.939563
38.145830
41.433062
39.983938
41.859857
42.133548
40.644679
39.710796
40.087593
41.157300
41.781153
38.669095
39.185771
40.518421
41.892465
41.300941
40.485945
40.360272
41.318858
43.227962
42.489110
40.962795
42.063177
42.398542
40.742192
42.049533
42.363003
42.821204
42.351758
43.542403
42.423617
42.063423
41.831992
43.186363
41.244603
42.975249
41.766137
41.969163
43.185115
40.189517
44.343468
44.152355
39.302226
41.956081
44.472425
43.305125
41.801936
42.270973
43.144859
42.118908
41.787435
42.671467
42.207614
42.402448
42.159949
42.542637
42.312767
42.315085
42.983720
41.825163
42.821208
41.202131
42.786194
41.565526
44.092903
43.307106
42.454350
43.500072
44.184333
44.074402
43.768729
42.709250
43.566550
41.083973
41.487921
43.653573
43.378829
43.375039
43.688098
43.295379
43.509994
39.454791
40.823366
39.712168
40.776162
40.378058
42.478806
43.242999
42.764247
42.184124
43.164381
42.324553
42.010648
41.342312
43.600807
42.424621
43.921661
42.548904
43.873103
43.613212
43.815364
43.552430
41.796674
42.904966
44.050660
43.282426
41.876770
42.557011
43.576881
43.211704
43.049864
40.611185
42.565816
41.078470
41.364627
44.264202
42.993725
41.328092
44.157284
43.022039
43.276996
42.134559
43.009253
42.180129
41.634023
42.399162
42.526976
43.940498
40.854243
40.839064
42.296299
43.493287
42.214676
43.404536
43.813992
43.651564
43.301830
42.303184
41.434910
44.012475
43.717252
41.810921
42.400211
42.577323
43.638740
43.444910
42.071667
41.669204
43.714060
43.457406
42.672041
42.275647
43.369892
43.976608
41.294491
44.305516
40.634672
43.011267
43.088767
41.425528
43.175678
42.742323
42.758613
43.392894
42.042285
42.023068
43.053986
44.231304
42.338201
43.209106
41.761577
41.340257
42.401125
43.071510
41.695424
39.903769
41.213179
41.880016
41.551976
41.925769
41.173796
41.384598
39.416364
41.255478
42.354481
40.259129
41.423779
42.813941
42.377383
42.816973
41.890039
42.075774
42.226663
42.871950
41.347493
41.423712
42.743465
43.056019
41.728309
42.511164
42.554620
40.075407
42.201672
41.642034
41.310798
41.080043
41.880685
42.136032
41.488082
42.146915
42.996385
42.834835
42.248663
42.646205
42.179628
41.589626
40.109041
41.172871
40.532302
42.372892
40.724651
39.682889
43.163910
42.904034
41.935632
41.557537
41.211131
43.050523
40.390707
41.231968
43.668680
41.947754
40.991514
42.881825
42.677330
41.467695
40.860775
42.369692
40.404909
40.835383
42.194271
43.437230
42.616710
40.566241
42.054335
43.638318
44.150630
43.691083
42.323932
44.362925
44.322957
43.608464
45.049713
44.333725
44.462602
43.287547
44.876234
42.148450
44.164066
44.514405
45.020676
44.362832
43.398066
44.912138
42.378245
42.104881
43.884150
45.016258
44.740169
40.556047
43.091840
44.196952
45.410744
44.944111
43.143210
42.924275
45.067506
43.514304
43.540197
44.273620
44.567519
42.510934
42.982007
42.373660
44.240093
44.458752
44.007848
43.834143
44.625336
44.827065
43.494257
44.581703
44.803766
44.607643
44.293971
44.971358
43.640939
45.246521
42.514524