0.028488
0.050043
0.052926
0.070086
0.062668
0.087589
0.078577
0.017227
0.042233
0.045295
0.036480
0.019599
0.100915
0.027342
0.074605
0.026489
0.049922
0.030604
0.016346
0.015436
0.030529
0.024525
0.023953
0.026038
0.048948
0.024314
0.015166
0.035720
0.048818
0.021980
0.124400
0.036000
0.016321
0.016730
0.027500
0.021793
0.016450
0.023208
0.036457
0.019264
0.017605
0.031528
0.023536
0.016743
0.053710
0.016991
0.027865
0.017173
0.029955
0.016559
0.015000
0.054400
0.156100
0.039300
0.124100
0.144100
0.129900
0.078400
0.058300
0.030900
0.040600
0.015200
0.022400
0.016000
0.036200
0.017300
0.031200
0.022100
0.016000
0.024900
0.030300
0.028300
0.015200
0.034500
0.036000
0.024800
0.029200
0.016300
0.018700
0.019500
0.025600
0.033700
0.054600
0.024000
0.033600
0.034100
0.026100
0.021100
0.032100
0.022100
0.033400
0.034100
0.042100
0.057600
0.020500
0.040200
0.026000
0.025900
0.023900
0.069000
0.065100
0.022900
0.031500
0.021500
0.025500
0.032500
0.084300
0.030800
0.032700
0.042300
0.068400
0.015300
0.023300
0.049100
0.042500
0.019200
0.030800
0.021200
0.027700
0.033500
0.020800
0.017300
0.036000
0.023300
0.058900
0.058300
0.068800
0.032100
0.052200
0.030800
0.032900
0.023000
0.015000
0.032100
0.064300
0.032000
0.020900
0.021900
0.032000
0.015100
0.019200
0.026600
0.037700
0.024700
0.024200
0.036600
0.022900
0.031200
0.015000
0.034100
0.025100
0.018900
0.029802
0.032134
0.027569
0.046967
0.018315
0.080048
0.024185
0.015027
0.028396
0.044977
0.032912
0.075350
0.020375
0.022971
0.026809
0.017931
0.048392
0.056683
0.063864
0.146290
0.129278
0.102715
0.242505
0.298409
0.043719
0.113043
0.256476
0.295586
0.380359
0.145669
0.273455
0.297519
0.378966
0.380417
0.301755
0.348345
0.085689
0.260586
0.215543
0.117625
0.182218
0.357507
0.141788
0.260533
0.232781
0.151858
0.093909
0.286619
0.194317
0.147025
0.211587
0.180120
0.263491
0.192150
0.338803
0.117277
0.142405
0.160862
0.288418
0.122829
0.263648
0.126473
0.172742
0.163796
0.249511
0.257740
0.106712
0.159890
0.204980
0.244379
0.248508
0.228528
0.085855
0.061836
0.277853
0.275440
0.155247
0.330512
0.361934
0.330635
0.144621
0.389289
0.173910
0.300313
0.116349
0.218585
0.119672
0.154632
0.408319
0.177601
0.250668
0.251740
0.391599
0.128727
0.399601
0.309493
0.170628
0.278925
0.308581
0.185812
0.066440
0.316430
0.257498
0.298777
0.270434
0.279455
0.292470
0.188853
0.265762
0.124274
0.182549
0.312883
0.309547
0.089019
0.402460
0.200612
0.326396
0.211630
0.179686
0.093149
0.302402
0.108638
0.085696
0.202609
0.196716
0.126688
0.214568
0.320447
0.218347
0.189707
0.092937
0.379662
0.210938
0.366603
0.420927
0.258028
0.183568
0.212549
0.360034
0.393974
0.114713
0.143706
0.252486
0.387297
0.348584
0.255491
0.216583
0.430000
0.620000
0.570000
0.300000
0.380000
0.430000
0.240000
0.440000
0.500000
0.970000
0.479000
0.830000
0.416000
0.581000
0.450000
0.579000
0.320000
0.657000
0.430000
0.472000
0.374000
0.180000
0.550000
0.592000
0.172000
0.526000
0.763000
0.580000
0.430000
0.450000
0.656000
0.495000
0.490000
0.570000
0.388000
0.450000
0.480000
0.615000
0.400000
0.655000
0.498000
0.465000
0.453000
0.425000
0.514000
0.423000
0.859000
0.936000
0.528000
0.978000
0.885000
0.815000
0.698000
0.568000
0.711000
0.339600
0.396500
0.812000
0.799000
0.882000
0.833000
0.874000
0.772000
0.178000
0.260000
0.186000
0.269000
0.215000
0.543000
0.750000
0.640000
0.430000
0.640000
0.497000
0.440000
0.355000
0.780000
0.540000
0.860000
0.468000
0.840000
0.960000
0.821800
0.930000
0.451000
0.610000
0.830000
0.707000
0.415000
0.557000
0.791000
0.695000
0.633000
0.248600
0.532000
0.331000
0.346000
0.961000
0.613000
0.340200
0.983000
0.710000
0.730000
0.470000
0.620000
0.521000
0.369000
0.571000
0.604000
0.927100
0.285000
0.291200
0.548000
0.868000
0.496000
0.811000
0.756000
0.817000
0.752000
0.551600
0.357800
1.010000
0.741000
0.430000
0.526000
0.592000
0.905000
0.949000
0.460700
0.370900
0.800000
0.679000
0.581700
0.550000
0.810000
0.950000
0.337300
0.910000
0.263000
0.643000
0.691000
0.357000
0.721000
0.581000
0.626800
0.818000
0.462700
0.449000
0.688000
0.870000
0.504300
0.591000
0.426000
0.329000
0.583000
0.519000
0.401000
0.205000
0.340000
0.436000
0.363000
0.436000
0.309000
0.342000
0.159000
0.332000
0.469000
0.239000
0.352000
0.612000
0.631000
0.645000
0.429000
0.497000
0.539000
0.561000
0.410000
0.412000
0.599000
0.619000
0.422000
0.540000
0.401000
0.218000
0.633000
0.383000
0.302000
0.340000
0.510000
0.421000
0.399000
0.493000
0.687000
0.687000
0.495000
0.603000
0.421000
0.348000
0.213000
0.344000
0.271000
0.564000
0.274000
0.181000
0.582000
0.680000
0.401000
0.416000
0.286000
0.562000
0.266000
0.314000
0.581000
0.463000
0.341000
0.631000
0.522000
0.368000
0.309000
0.528000
0.216000
0.284000
0.508000
0.781000
0.613000
0.278000
0.477000
0.950000
1.057000
0.816000
0.455000
1.020000
1.140000
0.854000
1.370000
0.975000
0.970000
0.740000
1.390000
0.460000
1.020000
1.120000
1.230000
1.190000
0.839000
1.010000
0.521000
0.475000
0.950000
1.300000
1.305000
0.216000
0.735000
1.140000
1.307000
1.265000
0.670000
0.640000
1.340000
0.840000
0.935000
0.953000
1.124000
0.552000
0.671000
0.511000
1.030000
1.192000
1.092000
0.974000
1.110000
1.350000
0.850000
1.241000
1.414000
1.188000
1.017000
1.315000
0.821000
1.215000
0.623000